36
16
172
0 16 5
0 17 5
1 16 5
1 17 5
2 18 5
2 19 5
3 18 5
3 19 5
4 20 5
4 21 5
5 20 5
5 21 5
6 22 5
6 23 5
7 22 5
7 23 5
8 24 5
8 25 5
9 24 5
9 25 5
10 26 5
10 27 5
11 26 5
11 27 5
12 28 5
12 29 5
13 28 5
13 29 5
14 30 5
14 31 5
15 30 5
15 31 5
16 32 5
16 33 5
16  0 1
16  1 1
16 17 2
16 31 2
17 32 5
17 33 5
17  0 1
17  1 1
17 16 2
17 18 2
18 32 5
18 33 5
18  2 1
18  3 1
18 17 2
18 19 2
19 32 5
19 33 5
19  2 1
19  3 1
19 18 2
19 20 2
20 33 5
20 34 5
20  4 1
20  5 1
20 19 2
20 21 2
21 33 5
21 34 5
21  4 1
21  5 1
21 20 2
21 22 2
22 33 5
22 34 5
22  6 1
22  7 1
22 21 2
22 23 2
23 33 5
23 34 5
23  6 1
23  7 1
23 22 2
23 24 2
24 34 5
24 35 5
24  8 1
24  9 1
24 23 2
24 25 2
25 34 5
25 35 5
25  8 1
25  9 1
25 24 2
25 26 2
26 34 5
26 35 5
26 10 1
26 11 1
26 25 2
26 27 2
27 34 5
27 35 5
27 10 1
27 11 1
27 26 2
27 28 2
28 35 5
28 32 5
28 12 1
28 13 1
28 27 2
28 29 2
29 35 5
29 32 5
29 12 1
29 13 1
29 28 2
29 30 2
30 32 5
30 35 5
30 14 1
30 15 1
30 29 2
30 31 2
31 32 5
31 35 5
31 14 1
31 15 1
31 30 2
31 16 2
32 33 2
32 34 2
32 35 2
32 16 1
32 17 1
32 18 1
32 19 1
32 28 1
32 29 1
32 30 1
32 31 1
33 32 2
33 34 2
33 35 2
33 16 1
33 17 1
33 18 1
33 19 1
33 20 1
33 21 1
33 22 1
33 23 1
34 32 2
34 33 2
34 35 2
34 20 1
34 21 1
34 22 1
34 23 1
34 24 1
34 25 1
34 26 1
34 27 1
35 32 2
35 33 2
35 34 2
35 24 1
35 25 1
35 26 1
35 27 1
35 28 1
35 29 1
35 30 1
35 31 1
